{
 "cells": [
  {
   "cell_type": "markdown",
   "metadata": {},
   "source": [
    "# Sorting & Ranking\n",
    "To sort lexigraphically by row or column index, use the sort_index method, which returns a new sorted object.\n",
    "\n",
    "<b>Sort by the index or column</b> \n"
   ]
  },
  {
   "cell_type": "code",
   "execution_count": 2,
   "metadata": {},
   "outputs": [],
   "source": [
    "import numpy as np\n",
    "import pandas as pd"
   ]
  },
  {
   "cell_type": "code",
   "execution_count": 3,
   "metadata": {},
   "outputs": [
    {
     "data": {
      "text/plain": [
       "0    0\n",
       "1    1\n",
       "2    2\n",
       "3    3\n",
       "4    4\n",
       "5    5\n",
       "dtype: int64"
      ]
     },
     "execution_count": 3,
     "metadata": {},
     "output_type": "execute_result"
    }
   ],
   "source": [
    "obj = pd.Series(range(6))\n",
    "obj.sort_index()"
   ]
  },
  {
   "cell_type": "code",
   "execution_count": 4,
   "metadata": {},
   "outputs": [],
   "source": [
    "df = pd.DataFrame(np.random.randn(16).reshape((4,4)), index=['c','b','f','e'], columns=['b','c','d','e'])"
   ]
  },
  {
   "cell_type": "code",
   "execution_count": 5,
   "metadata": {},
   "outputs": [
    {
     "data": {
      "text/html": [
       "<div>\n",
       "<style scoped>\n",
       "    .dataframe tbody tr th:only-of-type {\n",
       "        vertical-align: middle;\n",
       "    }\n",
       "\n",
       "    .dataframe tbody tr th {\n",
       "        vertical-align: top;\n",
       "    }\n",
       "\n",
       "    .dataframe thead th {\n",
       "        text-align: right;\n",
       "    }\n",
       "</style>\n",
       "<table border=\"1\" class=\"dataframe\">\n",
       "  <thead>\n",
       "    <tr style=\"text-align: right;\">\n",
       "      <th></th>\n",
       "      <th>b</th>\n",
       "      <th>c</th>\n",
       "      <th>d</th>\n",
       "      <th>e</th>\n",
       "    </tr>\n",
       "  </thead>\n",
       "  <tbody>\n",
       "    <tr>\n",
       "      <td>b</td>\n",
       "      <td>-0.741793</td>\n",
       "      <td>-0.083477</td>\n",
       "      <td>0.916791</td>\n",
       "      <td>0.469439</td>\n",
       "    </tr>\n",
       "    <tr>\n",
       "      <td>c</td>\n",
       "      <td>0.246861</td>\n",
       "      <td>-1.857500</td>\n",
       "      <td>0.289499</td>\n",
       "      <td>-0.754066</td>\n",
       "    </tr>\n",
       "    <tr>\n",
       "      <td>e</td>\n",
       "      <td>2.371358</td>\n",
       "      <td>-1.588066</td>\n",
       "      <td>-0.016581</td>\n",
       "      <td>0.166942</td>\n",
       "    </tr>\n",
       "    <tr>\n",
       "      <td>f</td>\n",
       "      <td>-0.460139</td>\n",
       "      <td>-0.776630</td>\n",
       "      <td>0.990385</td>\n",
       "      <td>-0.600278</td>\n",
       "    </tr>\n",
       "  </tbody>\n",
       "</table>\n",
       "</div>"
      ],
      "text/plain": [
       "          b         c         d         e\n",
       "b -0.741793 -0.083477  0.916791  0.469439\n",
       "c  0.246861 -1.857500  0.289499 -0.754066\n",
       "e  2.371358 -1.588066 -0.016581  0.166942\n",
       "f -0.460139 -0.776630  0.990385 -0.600278"
      ]
     },
     "execution_count": 5,
     "metadata": {},
     "output_type": "execute_result"
    }
   ],
   "source": [
    "#sorts by the index\n",
    "df.sort_index()"
   ]
  },
  {
   "cell_type": "code",
   "execution_count": 6,
   "metadata": {},
   "outputs": [
    {
     "data": {
      "text/html": [
       "<div>\n",
       "<style scoped>\n",
       "    .dataframe tbody tr th:only-of-type {\n",
       "        vertical-align: middle;\n",
       "    }\n",
       "\n",
       "    .dataframe tbody tr th {\n",
       "        vertical-align: top;\n",
       "    }\n",
       "\n",
       "    .dataframe thead th {\n",
       "        text-align: right;\n",
       "    }\n",
       "</style>\n",
       "<table border=\"1\" class=\"dataframe\">\n",
       "  <thead>\n",
       "    <tr style=\"text-align: right;\">\n",
       "      <th></th>\n",
       "      <th>b</th>\n",
       "      <th>c</th>\n",
       "      <th>d</th>\n",
       "      <th>e</th>\n",
       "    </tr>\n",
       "  </thead>\n",
       "  <tbody>\n",
       "    <tr>\n",
       "      <td>c</td>\n",
       "      <td>0.246861</td>\n",
       "      <td>-1.857500</td>\n",
       "      <td>0.289499</td>\n",
       "      <td>-0.754066</td>\n",
       "    </tr>\n",
       "    <tr>\n",
       "      <td>b</td>\n",
       "      <td>-0.741793</td>\n",
       "      <td>-0.083477</td>\n",
       "      <td>0.916791</td>\n",
       "      <td>0.469439</td>\n",
       "    </tr>\n",
       "    <tr>\n",
       "      <td>f</td>\n",
       "      <td>-0.460139</td>\n",
       "      <td>-0.776630</td>\n",
       "      <td>0.990385</td>\n",
       "      <td>-0.600278</td>\n",
       "    </tr>\n",
       "    <tr>\n",
       "      <td>e</td>\n",
       "      <td>2.371358</td>\n",
       "      <td>-1.588066</td>\n",
       "      <td>-0.016581</td>\n",
       "      <td>0.166942</td>\n",
       "    </tr>\n",
       "  </tbody>\n",
       "</table>\n",
       "</div>"
      ],
      "text/plain": [
       "          b         c         d         e\n",
       "c  0.246861 -1.857500  0.289499 -0.754066\n",
       "b -0.741793 -0.083477  0.916791  0.469439\n",
       "f -0.460139 -0.776630  0.990385 -0.600278\n",
       "e  2.371358 -1.588066 -0.016581  0.166942"
      ]
     },
     "execution_count": 6,
     "metadata": {},
     "output_type": "execute_result"
    }
   ],
   "source": [
    "#can sort on the axis\n",
    "df.sort_index(axis='columns')"
   ]
  },
  {
   "cell_type": "code",
   "execution_count": 7,
   "metadata": {},
   "outputs": [
    {
     "data": {
      "text/html": [
       "<div>\n",
       "<style scoped>\n",
       "    .dataframe tbody tr th:only-of-type {\n",
       "        vertical-align: middle;\n",
       "    }\n",
       "\n",
       "    .dataframe tbody tr th {\n",
       "        vertical-align: top;\n",
       "    }\n",
       "\n",
       "    .dataframe thead th {\n",
       "        text-align: right;\n",
       "    }\n",
       "</style>\n",
       "<table border=\"1\" class=\"dataframe\">\n",
       "  <thead>\n",
       "    <tr style=\"text-align: right;\">\n",
       "      <th></th>\n",
       "      <th>e</th>\n",
       "      <th>d</th>\n",
       "      <th>c</th>\n",
       "      <th>b</th>\n",
       "    </tr>\n",
       "  </thead>\n",
       "  <tbody>\n",
       "    <tr>\n",
       "      <td>c</td>\n",
       "      <td>-0.754066</td>\n",
       "      <td>0.289499</td>\n",
       "      <td>-1.857500</td>\n",
       "      <td>0.246861</td>\n",
       "    </tr>\n",
       "    <tr>\n",
       "      <td>b</td>\n",
       "      <td>0.469439</td>\n",
       "      <td>0.916791</td>\n",
       "      <td>-0.083477</td>\n",
       "      <td>-0.741793</td>\n",
       "    </tr>\n",
       "    <tr>\n",
       "      <td>f</td>\n",
       "      <td>-0.600278</td>\n",
       "      <td>0.990385</td>\n",
       "      <td>-0.776630</td>\n",
       "      <td>-0.460139</td>\n",
       "    </tr>\n",
       "    <tr>\n",
       "      <td>e</td>\n",
       "      <td>0.166942</td>\n",
       "      <td>-0.016581</td>\n",
       "      <td>-1.588066</td>\n",
       "      <td>2.371358</td>\n",
       "    </tr>\n",
       "  </tbody>\n",
       "</table>\n",
       "</div>"
      ],
      "text/plain": [
       "          e         d         c         b\n",
       "c -0.754066  0.289499 -1.857500  0.246861\n",
       "b  0.469439  0.916791 -0.083477 -0.741793\n",
       "f -0.600278  0.990385 -0.776630 -0.460139\n",
       "e  0.166942 -0.016581 -1.588066  2.371358"
      ]
     },
     "execution_count": 7,
     "metadata": {},
     "output_type": "execute_result"
    }
   ],
   "source": [
    "#Sorted in ascending order by default, but can be sorted in descending as well: \n",
    "df.sort_index(axis=1, ascending=False)"
   ]
  },
  {
   "cell_type": "markdown",
   "metadata": {},
   "source": [
    "<b>Sort by the values</b>"
   ]
  },
  {
   "cell_type": "code",
   "execution_count": 8,
   "metadata": {},
   "outputs": [
    {
     "data": {
      "text/plain": [
       "0    0\n",
       "1    1\n",
       "2    2\n",
       "3    3\n",
       "4    4\n",
       "5    5\n",
       "dtype: int64"
      ]
     },
     "execution_count": 8,
     "metadata": {},
     "output_type": "execute_result"
    }
   ],
   "source": [
    "obj.sort_values()"
   ]
  },
  {
   "cell_type": "code",
   "execution_count": 9,
   "metadata": {},
   "outputs": [
    {
     "data": {
      "text/html": [
       "<div>\n",
       "<style scoped>\n",
       "    .dataframe tbody tr th:only-of-type {\n",
       "        vertical-align: middle;\n",
       "    }\n",
       "\n",
       "    .dataframe tbody tr th {\n",
       "        vertical-align: top;\n",
       "    }\n",
       "\n",
       "    .dataframe thead th {\n",
       "        text-align: right;\n",
       "    }\n",
       "</style>\n",
       "<table border=\"1\" class=\"dataframe\">\n",
       "  <thead>\n",
       "    <tr style=\"text-align: right;\">\n",
       "      <th></th>\n",
       "      <th>b</th>\n",
       "      <th>c</th>\n",
       "      <th>d</th>\n",
       "      <th>e</th>\n",
       "    </tr>\n",
       "  </thead>\n",
       "  <tbody>\n",
       "    <tr>\n",
       "      <td>b</td>\n",
       "      <td>-0.741793</td>\n",
       "      <td>-0.083477</td>\n",
       "      <td>0.916791</td>\n",
       "      <td>0.469439</td>\n",
       "    </tr>\n",
       "    <tr>\n",
       "      <td>f</td>\n",
       "      <td>-0.460139</td>\n",
       "      <td>-0.776630</td>\n",
       "      <td>0.990385</td>\n",
       "      <td>-0.600278</td>\n",
       "    </tr>\n",
       "    <tr>\n",
       "      <td>c</td>\n",
       "      <td>0.246861</td>\n",
       "      <td>-1.857500</td>\n",
       "      <td>0.289499</td>\n",
       "      <td>-0.754066</td>\n",
       "    </tr>\n",
       "    <tr>\n",
       "      <td>e</td>\n",
       "      <td>2.371358</td>\n",
       "      <td>-1.588066</td>\n",
       "      <td>-0.016581</td>\n",
       "      <td>0.166942</td>\n",
       "    </tr>\n",
       "  </tbody>\n",
       "</table>\n",
       "</div>"
      ],
      "text/plain": [
       "          b         c         d         e\n",
       "b -0.741793 -0.083477  0.916791  0.469439\n",
       "f -0.460139 -0.776630  0.990385 -0.600278\n",
       "c  0.246861 -1.857500  0.289499 -0.754066\n",
       "e  2.371358 -1.588066 -0.016581  0.166942"
      ]
     },
     "execution_count": 9,
     "metadata": {},
     "output_type": "execute_result"
    }
   ],
   "source": [
    "#need to pass the 'by' argument in DataFrames\n",
    "df.sort_values(by='b')"
   ]
  },
  {
   "cell_type": "code",
   "execution_count": 10,
   "metadata": {},
   "outputs": [
    {
     "data": {
      "text/html": [
       "<div>\n",
       "<style scoped>\n",
       "    .dataframe tbody tr th:only-of-type {\n",
       "        vertical-align: middle;\n",
       "    }\n",
       "\n",
       "    .dataframe tbody tr th {\n",
       "        vertical-align: top;\n",
       "    }\n",
       "\n",
       "    .dataframe thead th {\n",
       "        text-align: right;\n",
       "    }\n",
       "</style>\n",
       "<table border=\"1\" class=\"dataframe\">\n",
       "  <thead>\n",
       "    <tr style=\"text-align: right;\">\n",
       "      <th></th>\n",
       "      <th>b</th>\n",
       "      <th>c</th>\n",
       "      <th>d</th>\n",
       "      <th>e</th>\n",
       "    </tr>\n",
       "  </thead>\n",
       "  <tbody>\n",
       "    <tr>\n",
       "      <td>c</td>\n",
       "      <td>0.246861</td>\n",
       "      <td>-1.857500</td>\n",
       "      <td>0.289499</td>\n",
       "      <td>-0.754066</td>\n",
       "    </tr>\n",
       "    <tr>\n",
       "      <td>f</td>\n",
       "      <td>-0.460139</td>\n",
       "      <td>-0.776630</td>\n",
       "      <td>0.990385</td>\n",
       "      <td>-0.600278</td>\n",
       "    </tr>\n",
       "    <tr>\n",
       "      <td>e</td>\n",
       "      <td>2.371358</td>\n",
       "      <td>-1.588066</td>\n",
       "      <td>-0.016581</td>\n",
       "      <td>0.166942</td>\n",
       "    </tr>\n",
       "    <tr>\n",
       "      <td>b</td>\n",
       "      <td>-0.741793</td>\n",
       "      <td>-0.083477</td>\n",
       "      <td>0.916791</td>\n",
       "      <td>0.469439</td>\n",
       "    </tr>\n",
       "  </tbody>\n",
       "</table>\n",
       "</div>"
      ],
      "text/plain": [
       "          b         c         d         e\n",
       "c  0.246861 -1.857500  0.289499 -0.754066\n",
       "f -0.460139 -0.776630  0.990385 -0.600278\n",
       "e  2.371358 -1.588066 -0.016581  0.166942\n",
       "b -0.741793 -0.083477  0.916791  0.469439"
      ]
     },
     "execution_count": 10,
     "metadata": {},
     "output_type": "execute_result"
    }
   ],
   "source": [
    "df.sort_values(by='e')"
   ]
  },
  {
   "cell_type": "code",
   "execution_count": null,
   "metadata": {},
   "outputs": [],
   "source": []
  }
 ],
 "metadata": {
  "kernelspec": {
   "display_name": "Python 3",
   "language": "python",
   "name": "python3"
  },
  "language_info": {
   "codemirror_mode": {
    "name": "ipython",
    "version": 3
   },
   "file_extension": ".py",
   "mimetype": "text/x-python",
   "name": "python",
   "nbconvert_exporter": "python",
   "pygments_lexer": "ipython3",
   "version": "3.7.4"
  }
 },
 "nbformat": 4,
 "nbformat_minor": 2
}
