{
 "cells": [
  {
   "cell_type": "markdown",
   "metadata": {},
   "source": [
    "## Transposing Arrays and Swapping Axis\n",
    "Special form of reshaping that similarly returns a view on the underlying data without copying anything."
   ]
  },
  {
   "cell_type": "code",
   "execution_count": 1,
   "metadata": {},
   "outputs": [],
   "source": [
    "import numpy as np"
   ]
  },
  {
   "cell_type": "code",
   "execution_count": 3,
   "metadata": {},
   "outputs": [
    {
     "data": {
      "text/plain": [
       "array([[ 0,  1,  2,  3,  4],\n",
       "       [ 5,  6,  7,  8,  9],\n",
       "       [10, 11, 12, 13, 14]])"
      ]
     },
     "execution_count": 3,
     "metadata": {},
     "output_type": "execute_result"
    }
   ],
   "source": [
    "arr = np.arange(15).reshape((3,5))\n",
    "arr"
   ]
  },
  {
   "cell_type": "code",
   "execution_count": 4,
   "metadata": {},
   "outputs": [
    {
     "data": {
      "text/plain": [
       "array([[ 0,  5, 10],\n",
       "       [ 1,  6, 11],\n",
       "       [ 2,  7, 12],\n",
       "       [ 3,  8, 13],\n",
       "       [ 4,  9, 14]])"
      ]
     },
     "execution_count": 4,
     "metadata": {},
     "output_type": "execute_result"
    }
   ],
   "source": [
    "arr.T"
   ]
  },
  {
   "cell_type": "markdown",
   "metadata": {},
   "source": [
    "Now we have 3 across and 5 down, thus swapping length of each axis.\n",
    "\n",
    "When doing matrix computations, you may use np.dot very often. For example, computing the inner matric product "
   ]
  },
  {
   "cell_type": "code",
   "execution_count": 7,
   "metadata": {},
   "outputs": [
    {
     "data": {
      "text/plain": [
       "array([[ 1.46950802, -0.56874401, -0.64960228],\n",
       "       [-0.25107903, -1.32129083, -0.21766954],\n",
       "       [ 0.86557278,  0.07228522,  0.72183185],\n",
       "       [-1.5110117 , -0.96052437, -1.18211199],\n",
       "       [-1.09099763, -0.92615793, -0.96091306],\n",
       "       [ 1.06979044,  0.51841337,  0.07689906]])"
      ]
     },
     "execution_count": 7,
     "metadata": {},
     "output_type": "execute_result"
    }
   ],
   "source": [
    "arr = np.random.randn(6,3)\n",
    "arr"
   ]
  },
  {
   "cell_type": "code",
   "execution_count": 8,
   "metadata": {},
   "outputs": [
    {
     "data": {
      "text/plain": [
       "array([[ 2.9049067 ,  0.52391222,  0.76195075, -0.9062487 , -0.45227167,\n",
       "         1.22726733],\n",
       "       [ 0.52391222,  1.85623017, -0.46995778,  1.90582517,  1.70681212,\n",
       "        -0.97031536],\n",
       "       [ 0.76195075, -0.46995778,  1.27548262, -2.2306084 , -1.70490304,\n",
       "         1.0189633 ],\n",
       "       [-0.9062487 ,  1.90582517, -2.2306084 ,  4.60315218,  3.6740143 ,\n",
       "        -2.20531785],\n",
       "       [-0.45227167,  1.70681212, -1.70490304,  3.6740143 ,  2.97139826,\n",
       "        -1.7211648 ],\n",
       "       [ 1.22726733, -0.97031536,  1.0189633 , -2.20531785, -1.7211648 ,\n",
       "         1.41911747]])"
      ]
     },
     "execution_count": 8,
     "metadata": {},
     "output_type": "execute_result"
    }
   ],
   "source": [
    "np.dot(arr, arr.T)"
   ]
  },
  {
   "cell_type": "markdown",
   "metadata": {},
   "source": [
    "### Swapaxes"
   ]
  },
  {
   "cell_type": "raw",
   "metadata": {},
   "source": []
  },
  {
   "cell_type": "code",
   "execution_count": 12,
   "metadata": {},
   "outputs": [
    {
     "data": {
      "text/plain": [
       "array([[[ 0,  1,  2,  3],\n",
       "        [ 4,  5,  6,  7]],\n",
       "\n",
       "       [[ 8,  9, 10, 11],\n",
       "        [12, 13, 14, 15]]])"
      ]
     },
     "execution_count": 12,
     "metadata": {},
     "output_type": "execute_result"
    }
   ],
   "source": [
    "arr = np.arange(16).reshape((2,2,4))\n",
    "arr"
   ]
  },
  {
   "cell_type": "code",
   "execution_count": 13,
   "metadata": {},
   "outputs": [
    {
     "data": {
      "text/plain": [
       "array([[[ 0,  4],\n",
       "        [ 1,  5],\n",
       "        [ 2,  6],\n",
       "        [ 3,  7]],\n",
       "\n",
       "       [[ 8, 12],\n",
       "        [ 9, 13],\n",
       "        [10, 14],\n",
       "        [11, 15]]])"
      ]
     },
     "execution_count": 13,
     "metadata": {},
     "output_type": "execute_result"
    }
   ],
   "source": [
    "arr.swapaxes(1,2)"
   ]
  },
  {
   "cell_type": "code",
   "execution_count": null,
   "metadata": {},
   "outputs": [],
   "source": []
  }
 ],
 "metadata": {
  "kernelspec": {
   "display_name": "Python 3",
   "language": "python",
   "name": "python3"
  },
  "language_info": {
   "codemirror_mode": {
    "name": "ipython",
    "version": 3
   },
   "file_extension": ".py",
   "mimetype": "text/x-python",
   "name": "python",
   "nbconvert_exporter": "python",
   "pygments_lexer": "ipython3",
   "version": "3.7.4"
  }
 },
 "nbformat": 4,
 "nbformat_minor": 2
}
